0.0000    0.0000    -3.2761    3.2761    
0.2000    0.0000    -3.2753    3.2753    
0.4000    0.0000    -3.2745    3.2745    
0.6000    0.0000    -3.2739    3.2739    
0.8000    0.0000    -3.2734    3.2734    
1.0000    0.0000    -3.2730    3.2730    
1.2000    0.0000    -3.2727    3.2727    
1.4000    0.0000    -3.2725    3.2725    
1.6000    0.0000    -3.2724    3.2724    
1.8000    0.0000    -3.2724    3.2724    
2.0000    0.0000    -3.2726    3.2726    
2.2000    0.0000    -3.2728    3.2728    
2.4000    0.0000    -3.2732    3.2732    
2.6000    0.0000    -3.2736    3.2736    
2.8000    0.0000    -3.2742    3.2742    
3.0000    0.0000    -3.2749    3.2749    
3.2000    0.0000    -3.2756    3.2756    
3.4000    0.0000    -3.2765    3.2765    
3.6000    0.0000    -3.2775    3.2775    
3.8000    0.0000    -3.2786    3.2786    
4.0000    0.0000    -3.2798    3.2798    
4.2000    0.0000    -3.2811    3.2811    
4.4000    0.0000    -3.2826    3.2826    
4.6000    0.0000    -3.2841    3.2841    
4.8000    0.0000    -3.2857    3.2857    
5.0000    0.0000    -3.2875    3.2875    
5.2000    0.0000    -3.2893    3.2893    
5.4000    0.0000    -3.2913    3.2913    
5.6000    0.0000    -3.2934    3.2934    
5.8000    0.0000    -3.2955    3.2955    
6.0000    0.0000    -3.2978    3.2978    
6.2000    0.0000    -3.3002    3.3002    
6.4000    0.0000    -3.3027    3.3027    
6.6000    0.0000    -3.3053    3.3053    
6.8000    0.0000    -3.3080    3.3080    
7.0000    0.0000    -3.3108    3.3108    
7.2000    0.0000    -3.3138    3.3138    
7.4000    0.0000    -3.3168    3.3168    
7.6000    0.0000    -3.3199    3.3199    
7.8000    0.0000    -3.3232    3.3232    
8.0000    0.0000    -3.3265    3.3265    
8.2000    0.0000    -3.3300    3.3300    
8.4000    0.0000    -3.3336    3.3336    
8.6000    0.0000    -3.3373    3.3373    
8.8000    0.0000    -3.3410    3.3410    
9.0000    0.0000    -3.3449    3.3449    
9.2000    0.0000    -3.3489    3.3489    
9.4000    0.0000    -3.3530    3.3530    
9.6000    0.0000    -3.3572    3.3572    
9.8000    0.0000    -3.3615    3.3615    
10.0000    0.0000    -3.3660    3.3660    
10.2000    0.0000    -3.3705    3.3705    
10.4000    0.0000    -3.3751    3.3751    
10.6000    0.0000    -3.3799    3.3799    
10.8000    0.0000    -3.3847    3.3847    
11.0000    0.0000    -3.3897    3.3897    
11.2000    0.0000    -3.3947    3.3947    
11.4000    0.0000    -3.3999    3.3999    
11.6000    0.0000    -3.4052    3.4052    
11.8000    0.0000    -3.4105    3.4105    
12.0000    0.0000    -3.4160    3.4160    
12.2000    0.0000    -3.4216    3.4216    
12.4000    0.0000    -3.4273    3.4273    
12.6000    0.0000    -3.4331    3.4331    
12.8000    0.0000    -3.4390    3.4390    
13.0000    0.0000    -3.4450    3.4450    
13.2000    0.0000    -3.4511    3.4511    
13.4000    0.0000    -3.4574    3.4574    
13.6000    0.0000    -3.4637    3.4637    
13.8000    0.0000    -3.4701    3.4701    
14.0000    0.0000    -3.4767    3.4767    
14.2000    0.0000    -3.4833    3.4833    
14.4000    0.0000    -3.4901    3.4901    
14.6000    0.0000    -3.4969    3.4969    
14.8000    0.0000    -3.5039    3.5039    
15.0000    0.0000    -3.5109    3.5109    
15.2000    0.0000    -3.5181    3.5181    
15.4000    0.0000    -3.5254    3.5254    
15.6000    0.0000    -3.5328    3.5328    
15.8000    0.0000    -3.5402    3.5402    
16.0000    0.0000    -3.5478    3.5478    
16.2000    0.0000    -3.5555    3.5555    
16.4000    0.0000    -3.5633    3.5633    
16.6000    0.0000    -3.5712    3.5712    
16.8000    0.0000    -3.5792    3.5792    
17.0000    0.0000    -3.5873    3.5873    
17.2000    0.0000    -3.5955    3.5955    
17.4000    0.0000    -3.6038    3.6038    
17.6000    0.0000    -3.6123    3.6123    
17.8000    0.0000    -3.6208    3.6208    
18.0000    0.0000    -3.6294    3.6294    
18.2000    0.0000    -3.6381    3.6381    
18.4000    0.0000    -3.6470    3.6470    
18.6000    0.0000    -3.6559    3.6559    
18.8000    0.0000    -3.6649    3.6649    
19.0000    0.0000    -3.6741    3.6741    
19.2000    0.0000    -3.6833    3.6833    
19.4000    0.0000    -3.6926    3.6926    
19.6000    0.0000    -3.7021    3.7021    
19.8000    0.0000    -3.7116    3.7116    
20.0000    0.0000    -3.7213    3.7213    
20.2000    0.0000    -3.7310    3.7310    
20.4000    0.0000    -3.7409    3.7409    
20.6000    0.0000    -3.7509    3.7509    
20.8000    0.0000    -3.7609    3.7609    
21.0000    0.0000    -3.7711    3.7711    
21.2000    0.0000    -3.7813    3.7813    
21.4000    0.0000    -3.7917    3.7917    
21.6000    0.0000    -3.8022    3.8022    
21.8000    0.0000    -3.8127    3.8127    
22.0000    0.0000    -3.8234    3.8234    
22.2000    0.0000    -3.8342    3.8342    
22.4000    0.0000    -3.8450    3.8450    
22.6000    0.0000    -3.8560    3.8560    
22.8000    0.0000    -3.8671    3.8671    
23.0000    0.0000    -3.8782    3.8782    
23.2000    0.0000    -3.8895    3.8895    
23.4000    0.0000    -3.9009    3.9009    
23.6000    0.0000    -3.9124    3.9124    
23.8000    0.0000    -3.9239    3.9239    
24.0000    0.0000    -3.9356    3.9356    
24.2000    0.0000    -3.9474    3.9474    
24.4000    0.0000    -3.9592    3.9592    
24.6000    0.0000    -3.9712    3.9712    
24.8000    0.0000    -3.9833    3.9833    
25.0000    0.0000    -3.9954    3.9954    
25.2000    0.0000    -4.0077    4.0077    
25.4000    0.0000    -4.0201    4.0201    
25.6000    0.0000    -4.0325    4.0325    
25.8000    0.0000    -4.0451    4.0451    
26.0000    0.0000    -4.0577    4.0577    
26.2000    0.0000    -4.0705    4.0705    
26.4000    0.0000    -4.0834    4.0834    
26.6000    0.0000    -4.0963    4.0963    
26.8000    0.0000    -4.1094    4.1094    
27.0000    0.0000    -4.1225    4.1225    
27.2000    0.0000    -4.1357    4.1357    
27.4000    0.0000    -4.1491    4.1491    
27.6000    0.0000    -4.1625    4.1625    
27.8000    0.0000    -4.1761    4.1761    
28.0000    0.0000    -4.1897    4.1897    
28.2000    0.0000    -4.2034    4.2034    
28.4000    0.0000    -4.2172    4.2172    
28.6000    0.0000    -4.2312    4.2312    
28.8000    0.0000    -4.2452    4.2452    
29.0000    0.0000    -4.2593    4.2593    
29.2000    0.0000    -4.2735    4.2735    
29.4000    0.0000    -4.2878    4.2878    
29.6000    0.0000    -4.3022    4.3022    
29.8000    0.0000    -4.3167    4.3167    
30.0000    0.6406    -3.6312    2.9905    
30.2000    1.2099    -2.9884    1.7785    
30.4000    1.7155    -2.3871    0.6716    
30.6000    2.1644    -1.8261    0.0000    
30.8000    2.4047    -2.4047    0.0000    
31.0000    2.6175    -2.6175    0.0000    
31.2000    2.8056    -2.8056    0.0000    
31.4000    2.9719    -2.9719    0.0000    
31.6000    3.1186    -3.1186    0.0000    
31.8000    3.2480    -3.2480    0.0000    
32.0000    3.3618    -3.3618    0.0000    
32.2000    3.4617    -3.4617    0.0000    
32.4000    3.5493    -3.5493    0.0000    
32.6000    3.6260    -3.6260    0.0000    
32.8000    3.6928    -3.6928    0.0000    
33.0000    3.7509    -3.7509    0.0000    
33.2000    3.8012    -3.8012    0.0000    
33.4000    3.8446    -3.8446    0.0000    
33.6000    3.8819    -3.8819    0.0000    
33.8000    3.9136    -3.9136    0.0000    
34.0000    3.9405    -3.9405    0.0000    
34.2000    3.9630    -3.9630    0.0000    
34.4000    3.9816    -3.9816    0.0000    
34.6000    3.9968    -3.9968    0.0000    
34.8000    4.0089    -4.0089    0.0000    
35.0000    4.0183    -4.0183    0.0000    
35.2000    4.0253    -4.0253    0.0000    
35.4000    4.0301    -4.0301    0.0000    
35.6000    4.0330    -4.0330    0.0000    
35.8000    4.0343    -4.0343    0.0000    
36.0000    4.0341    -4.0341    0.0000    
36.2000    4.0325    -4.0325    0.0000    
36.4000    4.0298    -4.0298    0.0000    
36.6000    4.0260    -4.0260    0.0000    
36.8000    4.0213    -4.0213    0.0000    
37.0000    4.0158    -4.0158    0.0000    
37.2000    4.0097    -4.0097    0.0000    
37.4000    4.0029    -4.0029    0.0000    
37.6000    3.9955    -3.9955    0.0000    
37.8000    3.9877    -3.9877    0.0000    
38.0000    3.9795    -3.9795    0.0000    
38.2000    3.9709    -3.9709    0.0000    
38.4000    3.9621    -3.9621    0.0000    
38.6000    3.9529    -3.9529    0.0000    
38.8000    3.9435    -3.9435    0.0000    
39.0000    3.9340    -3.9340    0.0000    
39.2000    3.9243    -3.9243    0.0000    
39.4000    3.9145    -3.9145    0.0000    
39.6000    3.9045    -3.9045    0.0000    
39.8000    3.8945    -3.8945    0.0000    
40.0000    3.8844    -3.8844    0.0000    
40.2000    3.8743    -3.8743    0.0000    
40.4000    3.8641    -3.8641    0.0000    
40.6000    3.8540    -3.8540    0.0000    
40.8000    3.8438    -3.8438    0.0000    
41.0000    3.8336    -3.8336    0.0000    
41.2000    3.8235    -3.8235    0.0000    
41.4000    3.8134    -3.8134    0.0000    
41.6000    3.8033    -3.8033    0.0000    
41.8000    3.7932    -3.7932    0.0000    
42.0000    3.7832    -3.7832    0.0000    
42.2000    3.7733    -3.7733    0.0000    
42.4000    3.7634    -3.7634    0.0000    
42.6000    3.7536    -3.7536    0.0000    
42.8000    3.7439    -3.7439    0.0000    
43.0000    3.7342    -3.7342    0.0000    
43.2000    3.7246    -3.7246    0.0000    
43.4000    3.7151    -3.7151    0.0000    
43.6000    3.7057    -3.7057    0.0000    
43.8000    3.6963    -3.6963    0.0000    
44.0000    3.6871    -3.6871    0.0000    
44.2000    3.6779    -3.6779    0.0000    
44.4000    3.6688    -3.6688    0.0000    
44.6000    3.6598    -3.6598    0.0000    
44.8000    3.6509    -3.6509    0.0000    
45.0000    3.6421    -3.6421    0.0000    
45.2000    3.6334    -3.6334    0.0000    
45.4000    3.6248    -3.6248    0.0000    
45.6000    3.6163    -3.6163    0.0000    
45.8000    3.6078    -3.6078    0.0000    
46.0000    3.5995    -3.5995    0.0000    
46.2000    3.5913    -3.5913    0.0000    
46.4000    3.5832    -3.5832    0.0000    
46.6000    3.5751    -3.5751    0.0000    
46.8000    3.5672    -3.5672    0.0000    
47.0000    3.5594    -3.5594    0.0000    
47.2000    3.5517    -3.5517    0.0000    
47.4000    3.5440    -3.5440    0.0000    
47.6000    3.5365    -3.5365    0.0000    
47.8000    3.5291    -3.5291    0.0000    
48.0000    3.5218    -3.5218    0.0000    
48.2000    3.5146    -3.5146    0.0000    
48.4000    3.5075    -3.5075    0.0000    
48.6000    3.5005    -3.5005    0.0000    
48.8000    3.4936    -3.4936    0.0000    
49.0000    3.4868    -3.4868    0.0000    
49.2000    3.4801    -3.4801    0.0000    
49.4000    3.4735    -3.4735    0.0000    
49.6000    3.4670    -3.4670    0.0000    
49.8000    3.4606    -3.4606    0.0000    
50.0000    3.4544    -3.4544    0.0000    
50.2000    3.4482    -3.4482    0.0000    
50.4000    3.4421    -3.4421    0.0000    
50.6000    3.4362    -3.4362    0.0000    
50.8000    3.4303    -3.4303    0.0000    
51.0000    3.4246    -3.4246    0.0000    
51.2000    3.4189    -3.4189    0.0000    
51.4000    3.4134    -3.4134    0.0000    
51.6000    3.4080    -3.4080    0.0000    
51.8000    3.4026    -3.4026    0.0000    
52.0000    3.3974    -3.3974    0.0000    
52.2000    3.3923    -3.3923    0.0000    
52.4000    3.3873    -3.3873    0.0000    
52.6000    3.3824    -3.3824    0.0000    
52.8000    3.3776    -3.3776    0.0000    
53.0000    3.3729    -3.3729    0.0000    
53.2000    3.3683    -3.3683    0.0000    
53.4000    3.3638    -3.3638    0.0000    
53.6000    3.3595    -3.3595    0.0000    
53.8000    3.3552    -3.3552    0.0000    
54.0000    3.3511    -3.3511    0.0000    
54.2000    3.3470    -3.3470    0.0000    
54.4000    3.3431    -3.3431    0.0000    
54.6000    3.3392    -3.3392    0.0000    
54.8000    3.3355    -3.3355    0.0000    
55.0000    3.3319    -3.3319    0.0000    
55.2000    3.3284    -3.3284    0.0000    
55.4000    3.3249    -3.3249    0.0000    
55.6000    3.3216    -3.3216    0.0000    
55.8000    3.3184    -3.3184    0.0000    
56.0000    3.3154    -3.3154    0.0000    
56.2000    3.3124    -3.3124    0.0000    
56.4000    3.3095    -3.3095    0.0000    
56.6000    3.3067    -3.3067    0.0000    
56.8000    3.3041    -3.3041    0.0000    
57.0000    3.3015    -3.3015    0.0000    
57.2000    3.2991    -3.2991    0.0000    
57.4000    3.2967    -3.2967    0.0000    
57.6000    3.2945    -3.2945    0.0000    
57.8000    3.2924    -3.2924    0.0000    
58.0000    3.2904    -3.2904    0.0000    
58.2000    3.2884    -3.2884    0.0000    
58.4000    3.2866    -3.2866    0.0000    
58.6000    3.2849    -3.2849    0.0000    
58.8000    3.2834    -3.2834    0.0000    
59.0000    3.2819    -3.2819    0.0000    
59.2000    3.2805    -3.2805    0.0000    
59.4000    3.2792    -3.2792    0.0000    
59.6000    3.2781    -3.2781    0.0000    
59.8000    3.2770    -3.2770    0.0000    
60.0000    3.2761    -3.2761    0.0000    
60.2000    3.2753    -3.2753    0.0000    
60.4000    3.2745    -3.2745    0.0000    
60.6000    3.2739    -3.2739    0.0000    
60.8000    3.2734    -3.2734    0.0000    
61.0000    3.2730    -3.2730    0.0000    
61.2000    3.2727    -3.2727    0.0000    
61.4000    3.2725    -3.2725    0.0000    
61.6000    3.2724    -3.2724    0.0000    
61.8000    3.2724    -3.2724    0.0000    
62.0000    3.2726    -3.2726    0.0000    
62.2000    3.2728    -3.2728    0.0000    
62.4000    3.2732    -3.2732    0.0000    
62.6000    3.2736    -3.2736    0.0000    
62.8000    3.2742    -3.2742    0.0000    
63.0000    3.2749    -3.2749    0.0000    
63.2000    3.2756    -3.2756    0.0000    
63.4000    3.2765    -3.2765    0.0000    
63.6000    3.2775    -3.2775    0.0000    
63.8000    3.2786    -3.2786    0.0000    
64.0000    3.2798    -3.2798    0.0000    
64.2000    3.2811    -3.2811    0.0000    
64.4000    3.2826    -3.2826    0.0000    
64.6000    3.2841    -3.2841    0.0000    
64.8000    3.2857    -3.2857    0.0000    
65.0000    3.2875    -3.2875    0.0000    
65.2000    3.2893    -3.2893    0.0000    
65.4000    3.2913    -3.2913    0.0000    
65.6000    3.2934    -3.2934    0.0000    
65.8000    3.2955    -3.2955    0.0000    
66.0000    3.2978    -3.2978    0.0000    
66.2000    3.3002    -3.3002    0.0000    
66.4000    3.3027    -3.3027    0.0000    
66.6000    3.3053    -3.3053    0.0000    
66.8000    3.3080    -3.3080    0.0000    
67.0000    3.3108    -3.3108    0.0000    
67.2000    3.3138    -3.3138    0.0000    
67.4000    3.3168    -3.3168    0.0000    
67.6000    3.3199    -3.3199    0.0000    
67.8000    3.3232    -3.3232    0.0000    
68.0000    3.3265    -3.3265    0.0000    
68.2000    3.3300    -3.3300    0.0000    
68.4000    3.3336    -3.3336    0.0000    
68.6000    3.3373    -3.3373    0.0000    
68.8000    3.3410    -3.3410    0.0000    
69.0000    3.3449    -3.3449    0.0000    
69.2000    3.3489    -3.3489    0.0000    
69.4000    3.3530    -3.3530    0.0000    
69.6000    3.3572    -3.3572    0.0000    
69.8000    3.3615    -3.3615    0.0000    
70.0000    3.3660    -3.3660    0.0000    
70.2000    3.3705    -3.3705    0.0000    
70.4000    3.3751    -3.3751    0.0000    
70.6000    3.3799    -3.3799    0.0000    
70.8000    3.3847    -3.3847    0.0000    
71.0000    3.3897    -3.3897    0.0000    
71.2000    3.3947    -3.3947    0.0000    
71.4000    3.3999    -3.3999    0.0000    
71.6000    3.4052    -3.4052    0.0000    
71.8000    3.4105    -3.4105    0.0000    
72.0000    3.4160    -3.4160    0.0000    
72.2000    3.4216    -3.4216    0.0000    
72.4000    3.4273    -3.4273    0.0000    
72.6000    3.4331    -3.4331    0.0000    
72.8000    3.4390    -3.4390    0.0000    
73.0000    3.4450    -3.4450    0.0000    
73.2000    3.4511    -3.4511    0.0000    
73.4000    3.4574    -3.4574    0.0000    
73.6000    3.4637    -3.4637    0.0000    
73.8000    3.4701    -3.4701    0.0000    
74.0000    3.4767    -3.4767    0.0000    
74.2000    3.4833    -3.4833    0.0000    
74.4000    3.4901    -3.4901    0.0000    
74.6000    3.4969    -3.4969    0.0000    
74.8000    3.5039    -3.5039    0.0000    
75.0000    3.5109    -3.5109    0.0000    
75.2000    3.5181    -3.5181    0.0000    
75.4000    3.5254    -3.5254    0.0000    
75.6000    3.5328    -3.5328    0.0000    
75.8000    3.5402    -3.5402    0.0000    
76.0000    3.5478    -3.5478    0.0000    
76.2000    3.5555    -3.5555    0.0000    
76.4000    3.5633    -3.5633    0.0000    
76.6000    3.5712    -3.5712    0.0000    
76.8000    3.5792    -3.5792    0.0000    
77.0000    3.5873    -3.5873    0.0000    
77.2000    3.5955    -3.5955    0.0000    
77.4000    3.6038    -3.6038    0.0000    
77.6000    3.6123    -3.6123    0.0000    
77.8000    3.6208    -3.6208    0.0000    
78.0000    3.6294    -3.6294    0.0000    
78.2000    3.6381    -3.6381    0.0000    
78.4000    3.6470    -3.6470    0.0000    
78.6000    3.6559    -3.6559    0.0000    
78.8000    3.6649    -3.6649    0.0000    
79.0000    3.6741    -3.6741    0.0000    
79.2000    3.6833    -3.6833    0.0000    
79.4000    3.6926    -3.6926    0.0000    
79.6000    3.7021    -3.7021    0.0000    
79.8000    3.7116    -3.7116    0.0000    
80.0000    3.7213    -3.7213    0.0000    
80.2000    3.7310    -3.7310    0.0000    
80.4000    3.7409    -3.7409    0.0000    
80.6000    3.7509    -3.7509    0.0000    
80.8000    3.7609    -3.7609    0.0000    
81.0000    3.7711    -3.7711    0.0000    
81.2000    3.7813    -3.7813    0.0000    
81.4000    3.7917    -3.7917    0.0000    
81.6000    3.8022    -3.8022    0.0000    
81.8000    3.8127    -3.8127    0.0000    
82.0000    3.8234    -3.8234    0.0000    
82.2000    3.8342    -3.8342    0.0000    
82.4000    3.8450    -3.8450    0.0000    
82.6000    3.8560    -3.8560    0.0000    
82.8000    3.8671    -3.8671    0.0000    
83.0000    3.8782    -3.8782    0.0000    
83.2000    3.8895    -3.8895    0.0000    
83.4000    3.9009    -3.9009    0.0000    
83.6000    3.9124    -3.9124    0.0000    
83.8000    3.9239    -3.9239    0.0000    
84.0000    3.9356    -3.9356    0.0000    
84.2000    3.9474    -3.9474    0.0000    
84.4000    3.9592    -3.9592    0.0000    
84.6000    3.9712    -3.9712    0.0000    
84.8000    3.9833    -3.9833    0.0000    
85.0000    3.9954    -3.9954    0.0000    
85.2000    4.0077    -4.0077    0.0000    
85.4000    4.0201    -4.0201    0.0000    
85.6000    4.0325    -4.0325    0.0000    
85.8000    4.0451    -4.0451    0.0000    
86.0000    4.0577    -4.0577    0.0000    
86.2000    4.0705    -4.0705    0.0000    
86.4000    4.0834    -4.0834    0.0000    
86.6000    4.0963    -4.0963    0.0000    
86.8000    4.1094    -4.1094    0.0000    
87.0000    4.1225    -4.1225    0.0000    
87.2000    4.1357    -4.1357    0.0000    
87.4000    4.1491    -4.1491    0.0000    
87.6000    4.1625    -4.1625    0.0000    
87.8000    4.1761    -4.1761    0.0000    
88.0000    4.1897    -4.1897    0.0000    
88.2000    4.2034    -4.2034    0.0000    
88.4000    4.2172    -4.2172    0.0000    
88.6000    4.2312    -4.2312    0.0000    
88.8000    4.2452    -4.2452    0.0000    
89.0000    4.2593    -4.2593    0.0000    
89.2000    4.2735    -4.2735    0.0000    
89.4000    4.2878    -4.2878    0.0000    
89.6000    4.3022    -4.3022    0.0000    
89.8000    4.3167    -4.3167    0.0000    
90.0000    3.6312    -2.9905    -0.6406    
90.2000    2.9884    -1.7785    -1.2099    
90.4000    2.3871    -0.6716    -1.7155    
90.6000    1.8261    0.0000    -2.1644    
90.8000    2.4047    0.0000    -2.4047    
91.0000    2.6175    0.0000    -2.6175    
91.2000    2.8056    0.0000    -2.8056    
91.4000    2.9719    0.0000    -2.9719    
91.6000    3.1186    0.0000    -3.1186    
91.8000    3.2480    0.0000    -3.2480    
92.0000    3.3618    0.0000    -3.3618    
92.2000    3.4617    0.0000    -3.4617    
92.4000    3.5493    0.0000    -3.5493    
92.6000    3.6260    0.0000    -3.6260    
92.8000    3.6928    0.0000    -3.6928    
93.0000    3.7509    0.0000    -3.7509    
93.2000    3.8012    0.0000    -3.8012    
93.4000    3.8446    0.0000    -3.8446    
93.6000    3.8819    0.0000    -3.8819    
93.8000    3.9136    0.0000    -3.9136    
94.0000    3.9405    0.0000    -3.9405    
94.2000    3.9630    0.0000    -3.9630    
94.4000    3.9816    0.0000    -3.9816    
94.6000    3.9968    0.0000    -3.9968    
94.8000    4.0089    0.0000    -4.0089    
95.0000    4.0183    0.0000    -4.0183    
95.2000    4.0253    0.0000    -4.0253    
95.4000    4.0301    0.0000    -4.0301    
95.6000    4.0330    0.0000    -4.0330    
95.8000    4.0343    0.0000    -4.0343    
96.0000    4.0341    0.0000    -4.0341    
96.2000    4.0325    0.0000    -4.0325    
96.4000    4.0298    0.0000    -4.0298    
96.6000    4.0260    0.0000    -4.0260    
96.8000    4.0213    0.0000    -4.0213    
97.0000    4.0158    0.0000    -4.0158    
97.2000    4.0097    0.0000    -4.0097    
97.4000    4.0029    0.0000    -4.0029    
97.6000    3.9955    0.0000    -3.9955    
97.8000    3.9877    0.0000    -3.9877    
98.0000    3.9795    0.0000    -3.9795    
98.2000    3.9709    0.0000    -3.9709    
98.4000    3.9621    0.0000    -3.9621    
98.6000    3.9529    0.0000    -3.9529    
98.8000    3.9435    0.0000    -3.9435    
99.0000    3.9340    0.0000    -3.9340    
99.2000    3.9243    0.0000    -3.9243    
99.4000    3.9145    0.0000    -3.9145    
99.6000    3.9045    0.0000    -3.9045    
99.8000    3.8945    0.0000    -3.8945    
100.0000    3.8844    0.0000    -3.8844    
100.2000    3.8743    0.0000    -3.8743    
100.4000    3.8641    0.0000    -3.8641    
100.6000    3.8540    0.0000    -3.8540    
100.8000    3.8438    0.0000    -3.8438    
101.0000    3.8336    0.0000    -3.8336    
101.2000    3.8235    0.0000    -3.8235    
101.4000    3.8134    0.0000    -3.8134    
101.6000    3.8033    0.0000    -3.8033    
101.8000    3.7932    0.0000    -3.7932    
102.0000    3.7832    0.0000    -3.7832    
102.2000    3.7733    0.0000    -3.7733    
102.4000    3.7634    0.0000    -3.7634    
102.6000    3.7536    0.0000    -3.7536    
102.8000    3.7439    0.0000    -3.7439    
103.0000    3.7342    0.0000    -3.7342    
103.2000    3.7246    0.0000    -3.7246    
103.4000    3.7151    0.0000    -3.7151    
103.6000    3.7057    0.0000    -3.7057    
103.8000    3.6963    0.0000    -3.6963    
104.0000    3.6871    0.0000    -3.6871    
104.2000    3.6779    0.0000    -3.6779    
104.4000    3.6688    0.0000    -3.6688    
104.6000    3.6598    0.0000    -3.6598    
104.8000    3.6509    0.0000    -3.6509    
105.0000    3.6421    0.0000    -3.6421    
105.2000    3.6334    0.0000    -3.6334    
105.4000    3.6248    0.0000    -3.6248    
105.6000    3.6163    0.0000    -3.6163    
105.8000    3.6078    0.0000    -3.6078    
106.0000    3.5995    0.0000    -3.5995    
106.2000    3.5913    0.0000    -3.5913    
106.4000    3.5832    0.0000    -3.5832    
106.6000    3.5751    0.0000    -3.5751    
106.8000    3.5672    0.0000    -3.5672    
107.0000    3.5594    0.0000    -3.5594    
107.2000    3.5517    0.0000    -3.5517    
107.4000    3.5440    0.0000    -3.5440    
107.6000    3.5365    0.0000    -3.5365    
107.8000    3.5291    0.0000    -3.5291    
108.0000    3.5218    0.0000    -3.5218    
108.2000    3.5146    0.0000    -3.5146    
108.4000    3.5075    0.0000    -3.5075    
108.6000    3.5005    0.0000    -3.5005    
108.8000    3.4936    0.0000    -3.4936    
109.0000    3.4868    0.0000    -3.4868    
109.2000    3.4801    0.0000    -3.4801    
109.4000    3.4735    0.0000    -3.4735    
109.6000    3.4670    0.0000    -3.4670    
109.8000    3.4606    0.0000    -3.4606    
110.0000    3.4544    0.0000    -3.4544    
110.2000    3.4482    0.0000    -3.4482    
110.4000    3.4421    0.0000    -3.4421    
110.6000    3.4362    0.0000    -3.4362    
110.8000    3.4303    0.0000    -3.4303    
111.0000    3.4246    0.0000    -3.4246    
111.2000    3.4189    0.0000    -3.4189    
111.4000    3.4134    0.0000    -3.4134    
111.6000    3.4080    0.0000    -3.4080    
111.8000    3.4026    0.0000    -3.4026    
112.0000    3.3974    0.0000    -3.3974    
112.2000    3.3923    0.0000    -3.3923    
112.4000    3.3873    0.0000    -3.3873    
112.6000    3.3824    0.0000    -3.3824    
112.8000    3.3776    0.0000    -3.3776    
113.0000    3.3729    0.0000    -3.3729    
113.2000    3.3683    0.0000    -3.3683    
113.4000    3.3638    0.0000    -3.3638    
113.6000    3.3595    0.0000    -3.3595    
113.8000    3.3552    0.0000    -3.3552    
114.0000    3.3511    0.0000    -3.3511    
114.2000    3.3470    0.0000    -3.3470    
114.4000    3.3431    0.0000    -3.3431    
114.6000    3.3392    0.0000    -3.3392    
114.8000    3.3355    0.0000    -3.3355    
115.0000    3.3319    0.0000    -3.3319    
115.2000    3.3284    0.0000    -3.3284    
115.4000    3.3249    0.0000    -3.3249    
115.6000    3.3216    0.0000    -3.3216    
115.8000    3.3184    0.0000    -3.3184    
116.0000    3.3154    0.0000    -3.3154    
116.2000    3.3124    0.0000    -3.3124    
116.4000    3.3095    0.0000    -3.3095    
116.6000    3.3067    0.0000    -3.3067    
116.8000    3.3041    0.0000    -3.3041    
117.0000    3.3015    0.0000    -3.3015    
117.2000    3.2991    0.0000    -3.2991    
117.4000    3.2967    0.0000    -3.2967    
117.6000    3.2945    0.0000    -3.2945    
117.8000    3.2924    0.0000    -3.2924    
118.0000    3.2904    0.0000    -3.2904    
118.2000    3.2884    0.0000    -3.2884    
118.4000    3.2866    0.0000    -3.2866    
118.6000    3.2849    0.0000    -3.2849    
118.8000    3.2834    0.0000    -3.2834    
119.0000    3.2819    0.0000    -3.2819    
119.2000    3.2805    0.0000    -3.2805    
119.4000    3.2792    0.0000    -3.2792    
119.6000    3.2781    0.0000    -3.2781    
119.8000    3.2770    0.0000    -3.2770    
120.0000    3.2761    0.0000    -3.2761    
120.2000    3.2753    0.0000    -3.2753    
120.4000    3.2745    0.0000    -3.2745    
120.6000    3.2739    0.0000    -3.2739    
120.8000    3.2734    0.0000    -3.2734    
121.0000    3.2730    0.0000    -3.2730    
121.2000    3.2727    0.0000    -3.2727    
121.4000    3.2725    0.0000    -3.2725    
121.6000    3.2724    0.0000    -3.2724    
121.8000    3.2724    0.0000    -3.2724    
122.0000    3.2726    0.0000    -3.2726    
122.2000    3.2728    0.0000    -3.2728    
122.4000    3.2732    0.0000    -3.2732    
122.6000    3.2736    0.0000    -3.2736    
122.8000    3.2742    0.0000    -3.2742    
123.0000    3.2749    0.0000    -3.2749    
123.2000    3.2756    0.0000    -3.2756    
123.4000    3.2765    0.0000    -3.2765    
123.6000    3.2775    0.0000    -3.2775    
123.8000    3.2786    0.0000    -3.2786    
124.0000    3.2798    0.0000    -3.2798    
124.2000    3.2811    0.0000    -3.2811    
124.4000    3.2826    0.0000    -3.2826    
124.6000    3.2841    0.0000    -3.2841    
124.8000    3.2857    0.0000    -3.2857    
125.0000    3.2875    0.0000    -3.2875    
125.2000    3.2893    0.0000    -3.2893    
125.4000    3.2913    0.0000    -3.2913    
125.6000    3.2934    0.0000    -3.2934    
125.8000    3.2955    0.0000    -3.2955    
126.0000    3.2978    0.0000    -3.2978    
126.2000    3.3002    0.0000    -3.3002    
126.4000    3.3027    0.0000    -3.3027    
126.6000    3.3053    0.0000    -3.3053    
126.8000    3.3080    0.0000    -3.3080    
127.0000    3.3108    0.0000    -3.3108    
127.2000    3.3138    0.0000    -3.3138    
127.4000    3.3168    0.0000    -3.3168    
127.6000    3.3199    0.0000    -3.3199    
127.8000    3.3232    0.0000    -3.3232    
128.0000    3.3265    0.0000    -3.3265    
128.2000    3.3300    0.0000    -3.3300    
128.4000    3.3336    0.0000    -3.3336    
128.6000    3.3373    0.0000    -3.3373    
128.8000    3.3410    0.0000    -3.3410    
129.0000    3.3449    0.0000    -3.3449    
129.2000    3.3489    0.0000    -3.3489    
129.4000    3.3530    0.0000    -3.3530    
129.6000    3.3572    0.0000    -3.3572    
129.8000    3.3615    0.0000    -3.3615    
130.0000    3.3660    0.0000    -3.3660    
130.2000    3.3705    0.0000    -3.3705    
130.4000    3.3751    0.0000    -3.3751    
130.6000    3.3799    0.0000    -3.3799    
130.8000    3.3847    0.0000    -3.3847    
131.0000    3.3897    0.0000    -3.3897    
131.2000    3.3947    0.0000    -3.3947    
131.4000    3.3999    0.0000    -3.3999    
131.6000    3.4052    0.0000    -3.4052    
131.8000    3.4105    0.0000    -3.4105    
132.0000    3.4160    0.0000    -3.4160    
132.2000    3.4216    0.0000    -3.4216    
132.4000    3.4273    0.0000    -3.4273    
132.6000    3.4331    0.0000    -3.4331    
132.8000    3.4390    0.0000    -3.4390    
133.0000    3.4450    0.0000    -3.4450    
133.2000    3.4511    0.0000    -3.4511    
133.4000    3.4574    0.0000    -3.4574    
133.6000    3.4637    0.0000    -3.4637    
133.8000    3.4701    0.0000    -3.4701    
134.0000    3.4767    0.0000    -3.4767    
134.2000    3.4833    0.0000    -3.4833    
134.4000    3.4901    0.0000    -3.4901    
134.6000    3.4969    0.0000    -3.4969    
134.8000    3.5039    0.0000    -3.5039    
135.0000    3.5109    0.0000    -3.5109    
135.2000    3.5181    0.0000    -3.5181    
135.4000    3.5254    0.0000    -3.5254    
135.6000    3.5328    0.0000    -3.5328    
135.8000    3.5402    0.0000    -3.5402    
136.0000    3.5478    0.0000    -3.5478    
136.2000    3.5555    0.0000    -3.5555    
136.4000    3.5633    0.0000    -3.5633    
136.6000    3.5712    0.0000    -3.5712    
136.8000    3.5792    0.0000    -3.5792    
137.0000    3.5873    0.0000    -3.5873    
137.2000    3.5955    0.0000    -3.5955    
137.4000    3.6038    0.0000    -3.6038    
137.6000    3.6123    0.0000    -3.6123    
137.8000    3.6208    0.0000    -3.6208    
138.0000    3.6294    0.0000    -3.6294    
138.2000    3.6381    0.0000    -3.6381    
138.4000    3.6470    0.0000    -3.6470    
138.6000    3.6559    0.0000    -3.6559    
138.8000    3.6649    0.0000    -3.6649    
139.0000    3.6741    0.0000    -3.6741    
139.2000    3.6833    0.0000    -3.6833    
139.4000    3.6926    0.0000    -3.6926    
139.6000    3.7021    0.0000    -3.7021    
139.8000    3.7116    0.0000    -3.7116    
140.0000    3.7213    0.0000    -3.7213    
140.2000    3.7310    0.0000    -3.7310    
140.4000    3.7409    0.0000    -3.7409    
140.6000    3.7509    0.0000    -3.7509    
140.8000    3.7609    0.0000    -3.7609    
141.0000    3.7711    0.0000    -3.7711    
141.2000    3.7813    0.0000    -3.7813    
141.4000    3.7917    0.0000    -3.7917    
141.6000    3.8022    0.0000    -3.8022    
141.8000    3.8127    0.0000    -3.8127    
142.0000    3.8234    0.0000    -3.8234    
142.2000    3.8342    0.0000    -3.8342    
142.4000    3.8450    0.0000    -3.8450    
142.6000    3.8560    0.0000    -3.8560    
142.8000    3.8671    0.0000    -3.8671    
143.0000    3.8782    0.0000    -3.8782    
143.2000    3.8895    0.0000    -3.8895    
143.4000    3.9009    0.0000    -3.9009    
143.6000    3.9124    0.0000    -3.9124    
143.8000    3.9239    0.0000    -3.9239    
144.0000    3.9356    0.0000    -3.9356    
144.2000    3.9474    0.0000    -3.9474    
144.4000    3.9592    0.0000    -3.9592    
144.6000    3.9712    0.0000    -3.9712    
144.8000    3.9833    0.0000    -3.9833    
145.0000    3.9954    0.0000    -3.9954    
145.2000    4.0077    0.0000    -4.0077    
145.4000    4.0201    0.0000    -4.0201    
145.6000    4.0325    0.0000    -4.0325    
145.8000    4.0451    0.0000    -4.0451    
146.0000    4.0577    0.0000    -4.0577    
146.2000    4.0705    0.0000    -4.0705    
146.4000    4.0834    0.0000    -4.0834    
146.6000    4.0963    0.0000    -4.0963    
146.8000    4.1094    0.0000    -4.1094    
147.0000    4.1225    0.0000    -4.1225    
147.2000    4.1357    0.0000    -4.1357    
147.4000    4.1491    0.0000    -4.1491    
147.6000    4.1625    0.0000    -4.1625    
147.8000    4.1761    0.0000    -4.1761    
148.0000    4.1897    0.0000    -4.1897    
148.2000    4.2034    0.0000    -4.2034    
148.4000    4.2172    0.0000    -4.2172    
148.6000    4.2312    0.0000    -4.2312    
148.8000    4.2452    0.0000    -4.2452    
149.0000    4.2593    0.0000    -4.2593    
149.2000    4.2735    0.0000    -4.2735    
149.4000    4.2878    0.0000    -4.2878    
149.6000    4.3022    0.0000    -4.3022    
149.8000    4.3167    0.0000    -4.3167    
150.0000    2.9905    0.6406    -3.6312    
150.2000    1.7785    1.2099    -2.9884    
150.4000    0.6716    1.7155    -2.3871    
150.6000    0.0000    2.1644    -1.8261    
150.8000    0.0000    2.4047    -2.4047    
151.0000    0.0000    2.6175    -2.6175    
151.2000    0.0000    2.8056    -2.8056    
151.4000    0.0000    2.9719    -2.9719    
151.6000    0.0000    3.1186    -3.1186    
151.8000    0.0000    3.2480    -3.2480    
152.0000    0.0000    3.3618    -3.3618    
152.2000    0.0000    3.4617    -3.4617    
152.4000    0.0000    3.5493    -3.5493    
152.6000    0.0000    3.6260    -3.6260    
152.8000    0.0000    3.6928    -3.6928    
153.0000    0.0000    3.7509    -3.7509    
153.2000    0.0000    3.8012    -3.8012    
153.4000    0.0000    3.8446    -3.8446    
153.6000    0.0000    3.8819    -3.8819    
153.8000    0.0000    3.9136    -3.9136    
154.0000    0.0000    3.9405    -3.9405    
154.2000    0.0000    3.9630    -3.9630    
154.4000    0.0000    3.9816    -3.9816    
154.6000    0.0000    3.9968    -3.9968    
154.8000    0.0000    4.0089    -4.0089    
155.0000    0.0000    4.0183    -4.0183    
155.2000    0.0000    4.0253    -4.0253    
155.4000    0.0000    4.0301    -4.0301    
155.6000    0.0000    4.0330    -4.0330    
155.8000    0.0000    4.0343    -4.0343    
156.0000    0.0000    4.0341    -4.0341    
156.2000    0.0000    4.0325    -4.0325    
156.4000    0.0000    4.0298    -4.0298    
156.6000    0.0000    4.0260    -4.0260    
156.8000    0.0000    4.0213    -4.0213    
157.0000    0.0000    4.0158    -4.0158    
157.2000    0.0000    4.0097    -4.0097    
157.4000    0.0000    4.0029    -4.0029    
157.6000    0.0000    3.9955    -3.9955    
157.8000    0.0000    3.9877    -3.9877    
158.0000    0.0000    3.9795    -3.9795    
158.2000    0.0000    3.9709    -3.9709    
158.4000    0.0000    3.9621    -3.9621    
158.6000    0.0000    3.9529    -3.9529    
158.8000    0.0000    3.9435    -3.9435    
159.0000    0.0000    3.9340    -3.9340    
159.2000    0.0000    3.9243    -3.9243    
159.4000    0.0000    3.9145    -3.9145    
159.6000    0.0000    3.9045    -3.9045    
159.8000    0.0000    3.8945    -3.8945    
160.0000    0.0000    3.8844    -3.8844    
160.2000    0.0000    3.8743    -3.8743    
160.4000    0.0000    3.8641    -3.8641    
160.6000    0.0000    3.8540    -3.8540    
160.8000    0.0000    3.8438    -3.8438    
161.0000    0.0000    3.8336    -3.8336    
161.2000    0.0000    3.8235    -3.8235    
161.4000    0.0000    3.8134    -3.8134    
161.6000    0.0000    3.8033    -3.8033    
161.8000    0.0000    3.7932    -3.7932    
162.0000    0.0000    3.7832    -3.7832    
162.2000    0.0000    3.7733    -3.7733    
162.4000    0.0000    3.7634    -3.7634    
162.6000    0.0000    3.7536    -3.7536    
162.8000    0.0000    3.7439    -3.7439    
163.0000    0.0000    3.7342    -3.7342    
163.2000    0.0000    3.7246    -3.7246    
163.4000    0.0000    3.7151    -3.7151    
163.6000    0.0000    3.7057    -3.7057    
163.8000    0.0000    3.6963    -3.6963    
164.0000    0.0000    3.6871    -3.6871    
164.2000    0.0000    3.6779    -3.6779    
164.4000    0.0000    3.6688    -3.6688    
164.6000    0.0000    3.6598    -3.6598    
164.8000    0.0000    3.6509    -3.6509    
165.0000    0.0000    3.6421    -3.6421    
165.2000    0.0000    3.6334    -3.6334    
165.4000    0.0000    3.6248    -3.6248    
165.6000    0.0000    3.6163    -3.6163    
165.8000    0.0000    3.6078    -3.6078    
166.0000    0.0000    3.5995    -3.5995    
166.2000    0.0000    3.5913    -3.5913    
166.4000    0.0000    3.5832    -3.5832    
166.6000    0.0000    3.5751    -3.5751    
166.8000    0.0000    3.5672    -3.5672    
167.0000    0.0000    3.5594    -3.5594    
167.2000    0.0000    3.5517    -3.5517    
167.4000    0.0000    3.5440    -3.5440    
167.6000    0.0000    3.5365    -3.5365    
167.8000    0.0000    3.5291    -3.5291    
168.0000    0.0000    3.5218    -3.5218    
168.2000    0.0000    3.5146    -3.5146    
168.4000    0.0000    3.5075    -3.5075    
168.6000    0.0000    3.5005    -3.5005    
168.8000    0.0000    3.4936    -3.4936    
169.0000    0.0000    3.4868    -3.4868    
169.2000    0.0000    3.4801    -3.4801    
169.4000    0.0000    3.4735    -3.4735    
169.6000    0.0000    3.4670    -3.4670    
169.8000    0.0000    3.4606    -3.4606    
170.0000    0.0000    3.4544    -3.4544    
170.2000    0.0000    3.4482    -3.4482    
170.4000    0.0000    3.4421    -3.4421    
170.6000    0.0000    3.4362    -3.4362    
170.8000    0.0000    3.4303    -3.4303    
171.0000    0.0000    3.4246    -3.4246    
171.2000    0.0000    3.4189    -3.4189    
171.4000    0.0000    3.4134    -3.4134    
171.6000    0.0000    3.4080    -3.4080    
171.8000    0.0000    3.4026    -3.4026    
172.0000    0.0000    3.3974    -3.3974    
172.2000    0.0000    3.3923    -3.3923    
172.4000    0.0000    3.3873    -3.3873    
172.6000    0.0000    3.3824    -3.3824    
172.8000    0.0000    3.3776    -3.3776    
173.0000    0.0000    3.3729    -3.3729    
173.2000    0.0000    3.3683    -3.3683    
173.4000    0.0000    3.3638    -3.3638    
173.6000    0.0000    3.3595    -3.3595    
173.8000    0.0000    3.3552    -3.3552    
174.0000    0.0000    3.3511    -3.3511    
174.2000    0.0000    3.3470    -3.3470    
174.4000    0.0000    3.3431    -3.3431    
174.6000    0.0000    3.3392    -3.3392    
174.8000    0.0000    3.3355    -3.3355    
175.0000    0.0000    3.3319    -3.3319    
175.2000    0.0000    3.3284    -3.3284    
175.4000    0.0000    3.3249    -3.3249    
175.6000    0.0000    3.3216    -3.3216    
175.8000    0.0000    3.3184    -3.3184    
176.0000    0.0000    3.3154    -3.3154    
176.2000    0.0000    3.3124    -3.3124    
176.4000    0.0000    3.3095    -3.3095    
176.6000    0.0000    3.3067    -3.3067    
176.8000    0.0000    3.3041    -3.3041    
177.0000    0.0000    3.3015    -3.3015    
177.2000    0.0000    3.2991    -3.2991    
177.4000    0.0000    3.2967    -3.2967    
177.6000    0.0000    3.2945    -3.2945    
177.8000    0.0000    3.2924    -3.2924    
178.0000    0.0000    3.2904    -3.2904    
178.2000    0.0000    3.2884    -3.2884    
178.4000    0.0000    3.2866    -3.2866    
178.6000    0.0000    3.2849    -3.2849    
178.8000    0.0000    3.2834    -3.2834    
179.0000    0.0000    3.2819    -3.2819    
179.2000    0.0000    3.2805    -3.2805    
179.4000    0.0000    3.2792    -3.2792    
179.6000    0.0000    3.2781    -3.2781    
179.8000    0.0000    3.2770    -3.2770    
180.0000    0.0000    3.2761    -3.2761    
180.2000    0.0000    3.2753    -3.2753    
180.4000    0.0000    3.2745    -3.2745    
180.6000    0.0000    3.2739    -3.2739    
180.8000    0.0000    3.2734    -3.2734    
181.0000    0.0000    3.2730    -3.2730    
181.2000    0.0000    3.2727    -3.2727    
181.4000    0.0000    3.2725    -3.2725    
181.6000    0.0000    3.2724    -3.2724    
181.8000    0.0000    3.2724    -3.2724    
182.0000    0.0000    3.2726    -3.2726    
182.2000    0.0000    3.2728    -3.2728    
182.4000    0.0000    3.2732    -3.2732    
182.6000    0.0000    3.2736    -3.2736    
182.8000    0.0000    3.2742    -3.2742    
183.0000    0.0000    3.2749    -3.2749    
183.2000    0.0000    3.2756    -3.2756    
183.4000    0.0000    3.2765    -3.2765    
183.6000    0.0000    3.2775    -3.2775    
183.8000    0.0000    3.2786    -3.2786    
184.0000    0.0000    3.2798    -3.2798    
184.2000    0.0000    3.2811    -3.2811    
184.4000    0.0000    3.2826    -3.2826    
184.6000    0.0000    3.2841    -3.2841    
184.8000    0.0000    3.2857    -3.2857    
185.0000    0.0000    3.2875    -3.2875    
185.2000    0.0000    3.2893    -3.2893    
185.4000    0.0000    3.2913    -3.2913    
185.6000    0.0000    3.2934    -3.2934    
185.8000    0.0000    3.2955    -3.2955    
186.0000    0.0000    3.2978    -3.2978    
186.2000    0.0000    3.3002    -3.3002    
186.4000    0.0000    3.3027    -3.3027    
186.6000    0.0000    3.3053    -3.3053    
186.8000    0.0000    3.3080    -3.3080    
187.0000    0.0000    3.3108    -3.3108    
187.2000    0.0000    3.3138    -3.3138    
187.4000    0.0000    3.3168    -3.3168    
187.6000    0.0000    3.3199    -3.3199    
187.8000    0.0000    3.3232    -3.3232    
188.0000    0.0000    3.3265    -3.3265    
188.2000    0.0000    3.3300    -3.3300    
188.4000    0.0000    3.3336    -3.3336    
188.6000    0.0000    3.3373    -3.3373    
188.8000    0.0000    3.3410    -3.3410    
189.0000    0.0000    3.3449    -3.3449    
189.2000    0.0000    3.3489    -3.3489    
189.4000    0.0000    3.3530    -3.3530    
189.6000    0.0000    3.3572    -3.3572    
189.8000    0.0000    3.3615    -3.3615    
190.0000    0.0000    3.3660    -3.3660    
190.2000    0.0000    3.3705    -3.3705    
190.4000    0.0000    3.3751    -3.3751    
190.6000    0.0000    3.3799    -3.3799    
190.8000    0.0000    3.3847    -3.3847    
191.0000    0.0000    3.3897    -3.3897    
191.2000    0.0000    3.3947    -3.3947    
191.4000    0.0000    3.3999    -3.3999    
191.6000    0.0000    3.4052    -3.4052    
191.8000    0.0000    3.4105    -3.4105    
192.0000    0.0000    3.4160    -3.4160    
192.2000    0.0000    3.4216    -3.4216    
192.4000    0.0000    3.4273    -3.4273    
192.6000    0.0000    3.4331    -3.4331    
192.8000    0.0000    3.4390    -3.4390    
193.0000    0.0000    3.4450    -3.4450    
193.2000    0.0000    3.4511    -3.4511    
193.4000    0.0000    3.4574    -3.4574    
193.6000    0.0000    3.4637    -3.4637    
193.8000    0.0000    3.4701    -3.4701    
194.0000    0.0000    3.4767    -3.4767    
194.2000    0.0000    3.4833    -3.4833    
194.4000    0.0000    3.4901    -3.4901    
194.6000    0.0000    3.4969    -3.4969    
194.8000    0.0000    3.5039    -3.5039    
195.0000    0.0000    3.5109    -3.5109    
195.2000    0.0000    3.5181    -3.5181    
195.4000    0.0000    3.5254    -3.5254    
195.6000    0.0000    3.5328    -3.5328    
195.8000    0.0000    3.5402    -3.5402    
196.0000    0.0000    3.5478    -3.5478    
196.2000    0.0000    3.5555    -3.5555    
196.4000    0.0000    3.5633    -3.5633    
196.6000    0.0000    3.5712    -3.5712    
196.8000    0.0000    3.5792    -3.5792    
197.0000    0.0000    3.5873    -3.5873    
197.2000    0.0000    3.5955    -3.5955    
197.4000    0.0000    3.6038    -3.6038    
197.6000    0.0000    3.6123    -3.6123    
197.8000    0.0000    3.6208    -3.6208    
198.0000    0.0000    3.6294    -3.6294    
198.2000    0.0000    3.6381    -3.6381    
198.4000    0.0000    3.6470    -3.6470    
198.6000    0.0000    3.6559    -3.6559    
198.8000    0.0000    3.6649    -3.6649    
199.0000    0.0000    3.6741    -3.6741    
199.2000    0.0000    3.6833    -3.6833    
199.4000    0.0000    3.6926    -3.6926    
199.6000    0.0000    3.7021    -3.7021    
199.8000    0.0000    3.7116    -3.7116    
200.0000    0.0000    3.7213    -3.7213    
200.2000    0.0000    3.7310    -3.7310    
200.4000    0.0000    3.7409    -3.7409    
200.6000    0.0000    3.7509    -3.7509    
200.8000    0.0000    3.7609    -3.7609    
201.0000    0.0000    3.7711    -3.7711    
201.2000    0.0000    3.7813    -3.7813    
201.4000    0.0000    3.7917    -3.7917    
201.6000    0.0000    3.8022    -3.8022    
201.8000    0.0000    3.8127    -3.8127    
202.0000    0.0000    3.8234    -3.8234    
202.2000    0.0000    3.8342    -3.8342    
202.4000    0.0000    3.8450    -3.8450    
202.6000    0.0000    3.8560    -3.8560    
202.8000    0.0000    3.8671    -3.8671    
203.0000    0.0000    3.8782    -3.8782    
203.2000    0.0000    3.8895    -3.8895    
203.4000    0.0000    3.9009    -3.9009    
203.6000    0.0000    3.9124    -3.9124    
203.8000    0.0000    3.9239    -3.9239    
204.0000    0.0000    3.9356    -3.9356    
204.2000    0.0000    3.9474    -3.9474    
204.4000    0.0000    3.9592    -3.9592    
204.6000    0.0000    3.9712    -3.9712    
204.8000    0.0000    3.9833    -3.9833    
205.0000    0.0000    3.9954    -3.9954    
205.2000    0.0000    4.0077    -4.0077    
205.4000    0.0000    4.0201    -4.0201    
205.6000    0.0000    4.0325    -4.0325    
205.8000    0.0000    4.0451    -4.0451    
206.0000    0.0000    4.0577    -4.0577    
206.2000    0.0000    4.0705    -4.0705    
206.4000    0.0000    4.0834    -4.0834    
206.6000    0.0000    4.0963    -4.0963    
206.8000    0.0000    4.1094    -4.1094    
207.0000    0.0000    4.1225    -4.1225    
207.2000    0.0000    4.1357    -4.1357    
207.4000    0.0000    4.1491    -4.1491    
207.6000    0.0000    4.1625    -4.1625    
207.8000    0.0000    4.1761    -4.1761    
208.0000    0.0000    4.1897    -4.1897    
208.2000    0.0000    4.2034    -4.2034    
208.4000    0.0000    4.2172    -4.2172    
208.6000    0.0000    4.2312    -4.2312    
208.8000    0.0000    4.2452    -4.2452    
209.0000    0.0000    4.2593    -4.2593    
209.2000    0.0000    4.2735    -4.2735    
209.4000    0.0000    4.2878    -4.2878    
209.6000    0.0000    4.3022    -4.3022    
209.8000    0.0000    4.3167    -4.3167    
210.0000    -0.6406    3.6312    -2.9905    
210.2000    -1.2099    2.9884    -1.7785    
210.4000    -1.7155    2.3871    -0.6716    
210.6000    -2.1644    1.8261    0.0000    
210.8000    -2.4047    2.4047    0.0000    
211.0000    -2.6175    2.6175    0.0000    
211.2000    -2.8056    2.8056    0.0000    
211.4000    -2.9719    2.9719    0.0000    
211.6000    -3.1186    3.1186    0.0000    
211.8000    -3.2480    3.2480    0.0000    
212.0000    -3.3618    3.3618    0.0000    
212.2000    -3.4617    3.4617    0.0000    
212.4000    -3.5493    3.5493    0.0000    
212.6000    -3.6260    3.6260    0.0000    
212.8000    -3.6928    3.6928    0.0000    
213.0000    -3.7509    3.7509    0.0000    
213.2000    -3.8012    3.8012    0.0000    
213.4000    -3.8446    3.8446    0.0000    
213.6000    -3.8819    3.8819    0.0000    
213.8000    -3.9136    3.9136    0.0000    
214.0000    -3.9405    3.9405    0.0000    
214.2000    -3.9630    3.9630    0.0000    
214.4000    -3.9816    3.9816    0.0000    
214.6000    -3.9968    3.9968    0.0000    
214.8000    -4.0089    4.0089    0.0000    
215.0000    -4.0183    4.0183    0.0000    
215.2000    -4.0253    4.0253    0.0000    
215.4000    -4.0301    4.0301    0.0000    
215.6000    -4.0330    4.0330    0.0000    
215.8000    -4.0343    4.0343    0.0000    
216.0000    -4.0341    4.0341    0.0000    
216.2000    -4.0325    4.0325    0.0000    
216.4000    -4.0298    4.0298    0.0000    
216.6000    -4.0260    4.0260    0.0000    
216.8000    -4.0213    4.0213    0.0000    
217.0000    -4.0158    4.0158    0.0000    
217.2000    -4.0097    4.0097    0.0000    
217.4000    -4.0029    4.0029    0.0000    
217.6000    -3.9955    3.9955    0.0000    
217.8000    -3.9877    3.9877    0.0000    
218.0000    -3.9795    3.9795    0.0000    
218.2000    -3.9709    3.9709    0.0000    
218.4000    -3.9621    3.9621    0.0000    
218.6000    -3.9529    3.9529    0.0000    
218.8000    -3.9435    3.9435    0.0000    
219.0000    -3.9340    3.9340    0.0000    
219.2000    -3.9243    3.9243    0.0000    
219.4000    -3.9145    3.9145    0.0000    
219.6000    -3.9045    3.9045    0.0000    
219.8000    -3.8945    3.8945    0.0000    
220.0000    -3.8844    3.8844    0.0000    
220.2000    -3.8743    3.8743    0.0000    
220.4000    -3.8641    3.8641    0.0000    
220.6000    -3.8540    3.8540    0.0000    
220.8000    -3.8438    3.8438    0.0000    
221.0000    -3.8336    3.8336    0.0000    
221.2000    -3.8235    3.8235    0.0000    
221.4000    -3.8134    3.8134    0.0000    
221.6000    -3.8033    3.8033    0.0000    
221.8000    -3.7932    3.7932    0.0000    
222.0000    -3.7832    3.7832    0.0000    
222.2000    -3.7733    3.7733    0.0000    
222.4000    -3.7634    3.7634    0.0000    
222.6000    -3.7536    3.7536    0.0000    
222.8000    -3.7439    3.7439    0.0000    
223.0000    -3.7342    3.7342    0.0000    
223.2000    -3.7246    3.7246    0.0000    
223.4000    -3.7151    3.7151    0.0000    
223.6000    -3.7057    3.7057    0.0000    
223.8000    -3.6963    3.6963    0.0000    
224.0000    -3.6871    3.6871    0.0000    
224.2000    -3.6779    3.6779    0.0000    
224.4000    -3.6688    3.6688    0.0000    
224.6000    -3.6598    3.6598    0.0000    
224.8000    -3.6509    3.6509    0.0000    
225.0000    -3.6421    3.6421    0.0000    
225.2000    -3.6334    3.6334    0.0000    
225.4000    -3.6248    3.6248    0.0000    
225.6000    -3.6163    3.6163    0.0000    
225.8000    -3.6078    3.6078    0.0000    
226.0000    -3.5995    3.5995    0.0000    
226.2000    -3.5913    3.5913    0.0000    
226.4000    -3.5832    3.5832    0.0000    
226.6000    -3.5751    3.5751    0.0000    
226.8000    -3.5672    3.5672    0.0000    
227.0000    -3.5594    3.5594    0.0000    
227.2000    -3.5517    3.5517    0.0000    
227.4000    -3.5440    3.5440    0.0000    
227.6000    -3.5365    3.5365    0.0000    
227.8000    -3.5291    3.5291    0.0000    
228.0000    -3.5218    3.5218    0.0000    
228.2000    -3.5146    3.5146    0.0000    
228.4000    -3.5075    3.5075    0.0000    
228.6000    -3.5005    3.5005    0.0000    
228.8000    -3.4936    3.4936    0.0000    
229.0000    -3.4868    3.4868    0.0000    
229.2000    -3.4801    3.4801    0.0000    
229.4000    -3.4735    3.4735    0.0000    
229.6000    -3.4670    3.4670    0.0000    
229.8000    -3.4606    3.4606    0.0000    
230.0000    -3.4544    3.4544    0.0000    
230.2000    -3.4482    3.4482    0.0000    
230.4000    -3.4421    3.4421    0.0000    
230.6000    -3.4362    3.4362    0.0000    
230.8000    -3.4303    3.4303    0.0000    
231.0000    -3.4246    3.4246    0.0000    
231.2000    -3.4189    3.4189    0.0000    
231.4000    -3.4134    3.4134    0.0000    
231.6000    -3.4080    3.4080    0.0000    
231.8000    -3.4026    3.4026    0.0000    
232.0000    -3.3974    3.3974    0.0000    
232.2000    -3.3923    3.3923    0.0000    
232.4000    -3.3873    3.3873    0.0000    
232.6000    -3.3824    3.3824    0.0000    
232.8000    -3.3776    3.3776    0.0000    
233.0000    -3.3729    3.3729    0.0000    
233.2000    -3.3683    3.3683    0.0000    
233.4000    -3.3638    3.3638    0.0000    
233.6000    -3.3595    3.3595    0.0000    
233.8000    -3.3552    3.3552    0.0000    
234.0000    -3.3511    3.3511    0.0000    
234.2000    -3.3470    3.3470    0.0000    
234.4000    -3.3431    3.3431    0.0000    
234.6000    -3.3392    3.3392    0.0000    
234.8000    -3.3355    3.3355    0.0000    
235.0000    -3.3319    3.3319    0.0000    
235.2000    -3.3284    3.3284    0.0000    
235.4000    -3.3249    3.3249    0.0000    
235.6000    -3.3216    3.3216    0.0000    
235.8000    -3.3184    3.3184    0.0000    
236.0000    -3.3154    3.3154    0.0000    
236.2000    -3.3124    3.3124    0.0000    
236.4000    -3.3095    3.3095    0.0000    
236.6000    -3.3067    3.3067    0.0000    
236.8000    -3.3041    3.3041    0.0000    
237.0000    -3.3015    3.3015    0.0000    
237.2000    -3.2991    3.2991    0.0000    
237.4000    -3.2967    3.2967    0.0000    
237.6000    -3.2945    3.2945    0.0000    
237.8000    -3.2924    3.2924    0.0000    
238.0000    -3.2904    3.2904    0.0000    
238.2000    -3.2884    3.2884    0.0000    
238.4000    -3.2866    3.2866    0.0000    
238.6000    -3.2849    3.2849    0.0000    
238.8000    -3.2834    3.2834    0.0000    
239.0000    -3.2819    3.2819    0.0000    
239.2000    -3.2805    3.2805    0.0000    
239.4000    -3.2792    3.2792    0.0000    
239.6000    -3.2781    3.2781    0.0000    
239.8000    -3.2770    3.2770    0.0000    
240.0000    -3.2761    3.2761    0.0000    
240.2000    -3.2753    3.2753    0.0000    
240.4000    -3.2745    3.2745    0.0000    
240.6000    -3.2739    3.2739    0.0000    
240.8000    -3.2734    3.2734    0.0000    
241.0000    -3.2730    3.2730    0.0000    
241.2000    -3.2727    3.2727    0.0000    
241.4000    -3.2725    3.2725    0.0000    
241.6000    -3.2724    3.2724    0.0000    
241.8000    -3.2724    3.2724    0.0000    
242.0000    -3.2726    3.2726    0.0000    
242.2000    -3.2728    3.2728    0.0000    
242.4000    -3.2732    3.2732    0.0000    
242.6000    -3.2736    3.2736    0.0000    
242.8000    -3.2742    3.2742    0.0000    
243.0000    -3.2749    3.2749    0.0000    
243.2000    -3.2756    3.2756    0.0000    
243.4000    -3.2765    3.2765    0.0000    
243.6000    -3.2775    3.2775    0.0000    
243.8000    -3.2786    3.2786    0.0000    
244.0000    -3.2798    3.2798    0.0000    
244.2000    -3.2811    3.2811    0.0000    
244.4000    -3.2826    3.2826    0.0000    
244.6000    -3.2841    3.2841    0.0000    
244.8000    -3.2857    3.2857    0.0000    
245.0000    -3.2875    3.2875    0.0000    
245.2000    -3.2893    3.2893    0.0000    
245.4000    -3.2913    3.2913    0.0000    
245.6000    -3.2934    3.2934    0.0000    
245.8000    -3.2955    3.2955    0.0000    
246.0000    -3.2978    3.2978    0.0000    
246.2000    -3.3002    3.3002    0.0000    
246.4000    -3.3027    3.3027    0.0000    
246.6000    -3.3053    3.3053    0.0000    
246.8000    -3.3080    3.3080    0.0000    
247.0000    -3.3108    3.3108    0.0000    
247.2000    -3.3138    3.3138    0.0000    
247.4000    -3.3168    3.3168    0.0000    
247.6000    -3.3199    3.3199    0.0000    
247.8000    -3.3232    3.3232    0.0000    
248.0000    -3.3265    3.3265    0.0000    
248.2000    -3.3300    3.3300    0.0000    
248.4000    -3.3336    3.3336    0.0000    
248.6000    -3.3373    3.3373    0.0000    
248.8000    -3.3410    3.3410    0.0000    
249.0000    -3.3449    3.3449    0.0000    
249.2000    -3.3489    3.3489    0.0000    
249.4000    -3.3530    3.3530    0.0000    
249.6000    -3.3572    3.3572    0.0000    
249.8000    -3.3615    3.3615    0.0000    
250.0000    -3.3660    3.3660    0.0000    
250.2000    -3.3705    3.3705    0.0000    
250.4000    -3.3751    3.3751    0.0000    
250.6000    -3.3799    3.3799    0.0000    
250.8000    -3.3847    3.3847    0.0000    
251.0000    -3.3897    3.3897    0.0000    
251.2000    -3.3947    3.3947    0.0000    
251.4000    -3.3999    3.3999    0.0000    
251.6000    -3.4052    3.4052    0.0000    
251.8000    -3.4105    3.4105    0.0000    
252.0000    -3.4160    3.4160    0.0000    
252.2000    -3.4216    3.4216    0.0000    
252.4000    -3.4273    3.4273    0.0000    
252.6000    -3.4331    3.4331    0.0000    
252.8000    -3.4390    3.4390    0.0000    
253.0000    -3.4450    3.4450    0.0000    
253.2000    -3.4511    3.4511    0.0000    
253.4000    -3.4574    3.4574    0.0000    
253.6000    -3.4637    3.4637    0.0000    
253.8000    -3.4701    3.4701    0.0000    
254.0000    -3.4767    3.4767    0.0000    
254.2000    -3.4833    3.4833    0.0000    
254.4000    -3.4901    3.4901    0.0000    
254.6000    -3.4969    3.4969    0.0000    
254.8000    -3.5039    3.5039    0.0000    
255.0000    -3.5109    3.5109    0.0000    
255.2000    -3.5181    3.5181    0.0000    
255.4000    -3.5254    3.5254    0.0000    
255.6000    -3.5328    3.5328    0.0000    
255.8000    -3.5402    3.5402    0.0000    
256.0000    -3.5478    3.5478    0.0000    
256.2000    -3.5555    3.5555    0.0000    
256.4000    -3.5633    3.5633    0.0000    
256.6000    -3.5712    3.5712    0.0000    
256.8000    -3.5792    3.5792    0.0000    
257.0000    -3.5873    3.5873    0.0000    
257.2000    -3.5955    3.5955    0.0000    
257.4000    -3.6038    3.6038    0.0000    
257.6000    -3.6123    3.6123    0.0000    
257.8000    -3.6208    3.6208    0.0000    
258.0000    -3.6294    3.6294    0.0000    
258.2000    -3.6381    3.6381    0.0000    
258.4000    -3.6470    3.6470    0.0000    
258.6000    -3.6559    3.6559    0.0000    
258.8000    -3.6649    3.6649    0.0000    
259.0000    -3.6741    3.6741    0.0000    
259.2000    -3.6833    3.6833    0.0000    
259.4000    -3.6926    3.6926    0.0000    
259.6000    -3.7021    3.7021    0.0000    
259.8000    -3.7116    3.7116    0.0000    
260.0000    -3.7213    3.7213    0.0000    
260.2000    -3.7310    3.7310    0.0000    
260.4000    -3.7409    3.7409    0.0000    
260.6000    -3.7509    3.7509    0.0000    
260.8000    -3.7609    3.7609    0.0000    
261.0000    -3.7711    3.7711    0.0000    
261.2000    -3.7813    3.7813    0.0000    
261.4000    -3.7917    3.7917    0.0000    
261.6000    -3.8022    3.8022    0.0000    
261.8000    -3.8127    3.8127    0.0000    
262.0000    -3.8234    3.8234    0.0000    
262.2000    -3.8342    3.8342    0.0000    
262.4000    -3.8450    3.8450    0.0000    
262.6000    -3.8560    3.8560    0.0000    
262.8000    -3.8671    3.8671    0.0000    
263.0000    -3.8782    3.8782    0.0000    
263.2000    -3.8895    3.8895    0.0000    
263.4000    -3.9009    3.9009    0.0000    
263.6000    -3.9124    3.9124    0.0000    
263.8000    -3.9239    3.9239    0.0000    
264.0000    -3.9356    3.9356    0.0000    
264.2000    -3.9474    3.9474    0.0000    
264.4000    -3.9592    3.9592    0.0000    
264.6000    -3.9712    3.9712    0.0000    
264.8000    -3.9833    3.9833    0.0000    
265.0000    -3.9954    3.9954    0.0000    
265.2000    -4.0077    4.0077    0.0000    
265.4000    -4.0201    4.0201    0.0000    
265.6000    -4.0325    4.0325    0.0000    
265.8000    -4.0451    4.0451    0.0000    
266.0000    -4.0577    4.0577    0.0000    
266.2000    -4.0705    4.0705    0.0000    
266.4000    -4.0834    4.0834    0.0000    
266.6000    -4.0963    4.0963    0.0000    
266.8000    -4.1094    4.1094    0.0000    
267.0000    -4.1225    4.1225    0.0000    
267.2000    -4.1357    4.1357    0.0000    
267.4000    -4.1491    4.1491    0.0000    
267.6000    -4.1625    4.1625    0.0000    
267.8000    -4.1761    4.1761    0.0000    
268.0000    -4.1897    4.1897    0.0000    
268.2000    -4.2034    4.2034    0.0000    
268.4000    -4.2172    4.2172    0.0000    
268.6000    -4.2312    4.2312    0.0000    
268.8000    -4.2452    4.2452    0.0000    
269.0000    -4.2593    4.2593    0.0000    
269.2000    -4.2735    4.2735    0.0000    
269.4000    -4.2878    4.2878    0.0000    
269.6000    -4.3022    4.3022    0.0000    
269.8000    -4.3167    4.3167    0.0000    
270.0000    -3.6312    2.9905    0.6406    
270.2000    -2.9884    1.7785    1.2099    
270.4000    -2.3871    0.6716    1.7155    
270.6000    -1.8261    0.0000    2.1644    
270.8000    -2.4047    0.0000    2.4047    
271.0000    -2.6175    0.0000    2.6175    
271.2000    -2.8056    0.0000    2.8056    
271.4000    -2.9719    0.0000    2.9719    
271.6000    -3.1186    0.0000    3.1186    
271.8000    -3.2480    0.0000    3.2480    
272.0000    -3.3618    0.0000    3.3618    
272.2000    -3.4617    0.0000    3.4617    
272.4000    -3.5493    0.0000    3.5493    
272.6000    -3.6260    0.0000    3.6260    
272.8000    -3.6928    0.0000    3.6928    
273.0000    -3.7509    0.0000    3.7509    
273.2000    -3.8012    0.0000    3.8012    
273.4000    -3.8446    0.0000    3.8446    
273.6000    -3.8819    0.0000    3.8819    
273.8000    -3.9136    0.0000    3.9136    
274.0000    -3.9405    0.0000    3.9405    
274.2000    -3.9630    0.0000    3.9630    
274.4000    -3.9816    0.0000    3.9816    
274.6000    -3.9968    0.0000    3.9968    
274.8000    -4.0089    0.0000    4.0089    
275.0000    -4.0183    0.0000    4.0183    
275.2000    -4.0253    0.0000    4.0253    
275.4000    -4.0301    0.0000    4.0301    
275.6000    -4.0330    0.0000    4.0330    
275.8000    -4.0343    0.0000    4.0343    
276.0000    -4.0341    0.0000    4.0341    
276.2000    -4.0325    0.0000    4.0325    
276.4000    -4.0298    0.0000    4.0298    
276.6000    -4.0260    0.0000    4.0260    
276.8000    -4.0213    0.0000    4.0213    
277.0000    -4.0158    0.0000    4.0158    
277.2000    -4.0097    0.0000    4.0097    
277.4000    -4.0029    0.0000    4.0029    
277.6000    -3.9955    0.0000    3.9955    
277.8000    -3.9877    0.0000    3.9877    
278.0000    -3.9795    0.0000    3.9795    
278.2000    -3.9709    0.0000    3.9709    
278.4000    -3.9621    0.0000    3.9621    
278.6000    -3.9529    0.0000    3.9529    
278.8000    -3.9435    0.0000    3.9435    
279.0000    -3.9340    0.0000    3.9340    
279.2000    -3.9243    0.0000    3.9243    
279.4000    -3.9145    0.0000    3.9145    
279.6000    -3.9045    0.0000    3.9045    
279.8000    -3.8945    0.0000    3.8945    
280.0000    -3.8844    0.0000    3.8844    
280.2000    -3.8743    0.0000    3.8743    
280.4000    -3.8641    0.0000    3.8641    
280.6000    -3.8540    0.0000    3.8540    
280.8000    -3.8438    0.0000    3.8438    
281.0000    -3.8336    0.0000    3.8336    
281.2000    -3.8235    0.0000    3.8235    
281.4000    -3.8134    0.0000    3.8134    
281.6000    -3.8033    0.0000    3.8033    
281.8000    -3.7932    0.0000    3.7932    
282.0000    -3.7832    0.0000    3.7832    
282.2000    -3.7733    0.0000    3.7733    
282.4000    -3.7634    0.0000    3.7634    
282.6000    -3.7536    0.0000    3.7536    
282.8000    -3.7439    0.0000    3.7439    
283.0000    -3.7342    0.0000    3.7342    
283.2000    -3.7246    0.0000    3.7246    
283.4000    -3.7151    0.0000    3.7151    
283.6000    -3.7057    0.0000    3.7057    
283.8000    -3.6963    0.0000    3.6963    
284.0000    -3.6871    0.0000    3.6871    
284.2000    -3.6779    0.0000    3.6779    
284.4000    -3.6688    0.0000    3.6688    
284.6000    -3.6598    0.0000    3.6598    
284.8000    -3.6509    0.0000    3.6509    
285.0000    -3.6421    0.0000    3.6421    
285.2000    -3.6334    0.0000    3.6334    
285.4000    -3.6248    0.0000    3.6248    
285.6000    -3.6163    0.0000    3.6163    
285.8000    -3.6078    0.0000    3.6078    
286.0000    -3.5995    0.0000    3.5995    
286.2000    -3.5913    0.0000    3.5913    
286.4000    -3.5832    0.0000    3.5832    
286.6000    -3.5751    0.0000    3.5751    
286.8000    -3.5672    0.0000    3.5672    
287.0000    -3.5594    0.0000    3.5594    
287.2000    -3.5517    0.0000    3.5517    
287.4000    -3.5440    0.0000    3.5440    
287.6000    -3.5365    0.0000    3.5365    
287.8000    -3.5291    0.0000    3.5291    
288.0000    -3.5218    0.0000    3.5218    
288.2000    -3.5146    0.0000    3.5146    
288.4000    -3.5075    0.0000    3.5075    
288.6000    -3.5005    0.0000    3.5005    
288.8000    -3.4936    0.0000    3.4936    
289.0000    -3.4868    0.0000    3.4868    
289.2000    -3.4801    0.0000    3.4801    
289.4000    -3.4735    0.0000    3.4735    
289.6000    -3.4670    0.0000    3.4670    
289.8000    -3.4606    0.0000    3.4606    
290.0000    -3.4544    0.0000    3.4544    
290.2000    -3.4482    0.0000    3.4482    
290.4000    -3.4421    0.0000    3.4421    
290.6000    -3.4362    0.0000    3.4362    
290.8000    -3.4303    0.0000    3.4303    
291.0000    -3.4246    0.0000    3.4246    
291.2000    -3.4189    0.0000    3.4189    
291.4000    -3.4134    0.0000    3.4134    
291.6000    -3.4080    0.0000    3.4080    
291.8000    -3.4026    0.0000    3.4026    
292.0000    -3.3974    0.0000    3.3974    
292.2000    -3.3923    0.0000    3.3923    
292.4000    -3.3873    0.0000    3.3873    
292.6000    -3.3824    0.0000    3.3824    
292.8000    -3.3776    0.0000    3.3776    
293.0000    -3.3729    0.0000    3.3729    
293.2000    -3.3683    0.0000    3.3683    
293.4000    -3.3638    0.0000    3.3638    
293.6000    -3.3595    0.0000    3.3595    
293.8000    -3.3552    0.0000    3.3552    
294.0000    -3.3511    0.0000    3.3511    
294.2000    -3.3470    0.0000    3.3470    
294.4000    -3.3431    0.0000    3.3431    
294.6000    -3.3392    0.0000    3.3392    
294.8000    -3.3355    0.0000    3.3355    
295.0000    -3.3319    0.0000    3.3319    
295.2000    -3.3284    0.0000    3.3284    
295.4000    -3.3249    0.0000    3.3249    
295.6000    -3.3216    0.0000    3.3216    
295.8000    -3.3184    0.0000    3.3184    
296.0000    -3.3154    0.0000    3.3154    
296.2000    -3.3124    0.0000    3.3124    
296.4000    -3.3095    0.0000    3.3095    
296.6000    -3.3067    0.0000    3.3067    
296.8000    -3.3041    0.0000    3.3041    
297.0000    -3.3015    0.0000    3.3015    
297.2000    -3.2991    0.0000    3.2991    
297.4000    -3.2967    0.0000    3.2967    
297.6000    -3.2945    0.0000    3.2945    
297.8000    -3.2924    0.0000    3.2924    
298.0000    -3.2904    0.0000    3.2904    
298.2000    -3.2884    0.0000    3.2884    
298.4000    -3.2866    0.0000    3.2866    
298.6000    -3.2849    0.0000    3.2849    
298.8000    -3.2834    0.0000    3.2834    
299.0000    -3.2819    0.0000    3.2819    
299.2000    -3.2805    0.0000    3.2805    
299.4000    -3.2792    0.0000    3.2792    
299.6000    -3.2781    0.0000    3.2781    
299.8000    -3.2770    0.0000    3.2770    
300.0000    -3.2761    0.0000    3.2761    
300.2000    -3.2753    0.0000    3.2753    
300.4000    -3.2745    0.0000    3.2745    
300.6000    -3.2739    0.0000    3.2739    
300.8000    -3.2734    0.0000    3.2734    
301.0000    -3.2730    0.0000    3.2730    
301.2000    -3.2727    0.0000    3.2727    
301.4000    -3.2725    0.0000    3.2725    
301.6000    -3.2724    0.0000    3.2724    
301.8000    -3.2724    0.0000    3.2724    
302.0000    -3.2726    0.0000    3.2726    
302.2000    -3.2728    0.0000    3.2728    
302.4000    -3.2732    0.0000    3.2732    
302.6000    -3.2736    0.0000    3.2736    
302.8000    -3.2742    0.0000    3.2742    
303.0000    -3.2749    0.0000    3.2749    
303.2000    -3.2756    0.0000    3.2756    
303.4000    -3.2765    0.0000    3.2765    
303.6000    -3.2775    0.0000    3.2775    
303.8000    -3.2786    0.0000    3.2786    
304.0000    -3.2798    0.0000    3.2798    
304.2000    -3.2811    0.0000    3.2811    
304.4000    -3.2826    0.0000    3.2826    
304.6000    -3.2841    0.0000    3.2841    
304.8000    -3.2857    0.0000    3.2857    
305.0000    -3.2875    0.0000    3.2875    
305.2000    -3.2893    0.0000    3.2893    
305.4000    -3.2913    0.0000    3.2913    
305.6000    -3.2934    0.0000    3.2934    
305.8000    -3.2955    0.0000    3.2955    
306.0000    -3.2978    0.0000    3.2978    
306.2000    -3.3002    0.0000    3.3002    
306.4000    -3.3027    0.0000    3.3027    
306.6000    -3.3053    0.0000    3.3053    
306.8000    -3.3080    0.0000    3.3080    
307.0000    -3.3108    0.0000    3.3108    
307.2000    -3.3138    0.0000    3.3138    
307.4000    -3.3168    0.0000    3.3168    
307.6000    -3.3199    0.0000    3.3199    
307.8000    -3.3232    0.0000    3.3232    
308.0000    -3.3265    0.0000    3.3265    
308.2000    -3.3300    0.0000    3.3300    
308.4000    -3.3336    0.0000    3.3336    
308.6000    -3.3373    0.0000    3.3373    
308.8000    -3.3410    0.0000    3.3410    
309.0000    -3.3449    0.0000    3.3449    
309.2000    -3.3489    0.0000    3.3489    
309.4000    -3.3530    0.0000    3.3530    
309.6000    -3.3572    0.0000    3.3572    
309.8000    -3.3615    0.0000    3.3615    
310.0000    -3.3660    0.0000    3.3660    
310.2000    -3.3705    0.0000    3.3705    
310.4000    -3.3751    0.0000    3.3751    
310.6000    -3.3799    0.0000    3.3799    
310.8000    -3.3847    0.0000    3.3847    
311.0000    -3.3897    0.0000    3.3897    
311.2000    -3.3947    0.0000    3.3947    
311.4000    -3.3999    0.0000    3.3999    
311.6000    -3.4052    0.0000    3.4052    
311.8000    -3.4105    0.0000    3.4105    
312.0000    -3.4160    0.0000    3.4160    
312.2000    -3.4216    0.0000    3.4216    
312.4000    -3.4273    0.0000    3.4273    
312.6000    -3.4331    0.0000    3.4331    
312.8000    -3.4390    0.0000    3.4390    
313.0000    -3.4450    0.0000    3.4450    
313.2000    -3.4511    0.0000    3.4511    
313.4000    -3.4574    0.0000    3.4574    
313.6000    -3.4637    0.0000    3.4637    
313.8000    -3.4701    0.0000    3.4701    
314.0000    -3.4767    0.0000    3.4767    
314.2000    -3.4833    0.0000    3.4833    
314.4000    -3.4901    0.0000    3.4901    
314.6000    -3.4969    0.0000    3.4969    
314.8000    -3.5039    0.0000    3.5039    
315.0000    -3.5109    0.0000    3.5109    
315.2000    -3.5181    0.0000    3.5181    
315.4000    -3.5254    0.0000    3.5254    
315.6000    -3.5328    0.0000    3.5328    
315.8000    -3.5402    0.0000    3.5402    
316.0000    -3.5478    0.0000    3.5478    
316.2000    -3.5555    0.0000    3.5555    
316.4000    -3.5633    0.0000    3.5633    
316.6000    -3.5712    0.0000    3.5712    
316.8000    -3.5792    0.0000    3.5792    
317.0000    -3.5873    0.0000    3.5873    
317.2000    -3.5955    0.0000    3.5955    
317.4000    -3.6038    0.0000    3.6038    
317.6000    -3.6123    0.0000    3.6123    
317.8000    -3.6208    0.0000    3.6208    
318.0000    -3.6294    0.0000    3.6294    
318.2000    -3.6381    0.0000    3.6381    
318.4000    -3.6470    0.0000    3.6470    
318.6000    -3.6559    0.0000    3.6559    
318.8000    -3.6649    0.0000    3.6649    
319.0000    -3.6741    0.0000    3.6741    
319.2000    -3.6833    0.0000    3.6833    
319.4000    -3.6926    0.0000    3.6926    
319.6000    -3.7021    0.0000    3.7021    
319.8000    -3.7116    0.0000    3.7116    
320.0000    -3.7213    0.0000    3.7213    
320.2000    -3.7310    0.0000    3.7310    
320.4000    -3.7409    0.0000    3.7409    
320.6000    -3.7509    0.0000    3.7509    
320.8000    -3.7609    0.0000    3.7609    
321.0000    -3.7711    0.0000    3.7711    
321.2000    -3.7813    0.0000    3.7813    
321.4000    -3.7917    0.0000    3.7917    
321.6000    -3.8022    0.0000    3.8022    
321.8000    -3.8127    0.0000    3.8127    
322.0000    -3.8234    0.0000    3.8234    
322.2000    -3.8342    0.0000    3.8342    
322.4000    -3.8450    0.0000    3.8450    
322.6000    -3.8560    0.0000    3.8560    
322.8000    -3.8671    0.0000    3.8671    
323.0000    -3.8782    0.0000    3.8782    
323.2000    -3.8895    0.0000    3.8895    
323.4000    -3.9009    0.0000    3.9009    
323.6000    -3.9124    0.0000    3.9124    
323.8000    -3.9239    0.0000    3.9239    
324.0000    -3.9356    0.0000    3.9356    
324.2000    -3.9474    0.0000    3.9474    
324.4000    -3.9592    0.0000    3.9592    
324.6000    -3.9712    0.0000    3.9712    
324.8000    -3.9833    0.0000    3.9833    
325.0000    -3.9954    0.0000    3.9954    
325.2000    -4.0077    0.0000    4.0077    
325.4000    -4.0201    0.0000    4.0201    
325.6000    -4.0325    0.0000    4.0325    
325.8000    -4.0451    0.0000    4.0451    
326.0000    -4.0577    0.0000    4.0577    
326.2000    -4.0705    0.0000    4.0705    
326.4000    -4.0834    0.0000    4.0834    
326.6000    -4.0963    0.0000    4.0963    
326.8000    -4.1094    0.0000    4.1094    
327.0000    -4.1225    0.0000    4.1225    
327.2000    -4.1357    0.0000    4.1357    
327.4000    -4.1491    0.0000    4.1491    
327.6000    -4.1625    0.0000    4.1625    
327.8000    -4.1761    0.0000    4.1761    
328.0000    -4.1897    0.0000    4.1897    
328.2000    -4.2034    0.0000    4.2034    
328.4000    -4.2172    0.0000    4.2172    
328.6000    -4.2312    0.0000    4.2312    
328.8000    -4.2452    0.0000    4.2452    
329.0000    -4.2593    0.0000    4.2593    
329.2000    -4.2735    0.0000    4.2735    
329.4000    -4.2878    0.0000    4.2878    
329.6000    -4.3022    0.0000    4.3022    
329.8000    -4.3167    0.0000    4.3167    
330.0000    -2.9905    -0.6406    3.6312    
330.2000    -1.7785    -1.2099    2.9884    
330.4000    -0.6716    -1.7155    2.3871    
330.6000    0.0000    -2.1644    1.8261    
330.8000    0.0000    -2.4047    2.4047    
331.0000    0.0000    -2.6175    2.6175    
331.2000    0.0000    -2.8056    2.8056    
331.4000    0.0000    -2.9719    2.9719    
331.6000    0.0000    -3.1186    3.1186    
331.8000    0.0000    -3.2480    3.2480    
332.0000    0.0000    -3.3618    3.3618    
332.2000    0.0000    -3.4617    3.4617    
332.4000    0.0000    -3.5493    3.5493    
332.6000    0.0000    -3.6260    3.6260    
332.8000    0.0000    -3.6928    3.6928    
333.0000    0.0000    -3.7509    3.7509    
333.2000    0.0000    -3.8012    3.8012    
333.4000    0.0000    -3.8446    3.8446    
333.6000    0.0000    -3.8819    3.8819    
333.8000    0.0000    -3.9136    3.9136    
334.0000    0.0000    -3.9405    3.9405    
334.2000    0.0000    -3.9630    3.9630    
334.4000    0.0000    -3.9816    3.9816    
334.6000    0.0000    -3.9968    3.9968    
334.8000    0.0000    -4.0089    4.0089    
335.0000    0.0000    -4.0183    4.0183    
335.2000    0.0000    -4.0253    4.0253    
335.4000    0.0000    -4.0301    4.0301    
335.6000    0.0000    -4.0330    4.0330    
335.8000    0.0000    -4.0343    4.0343    
336.0000    0.0000    -4.0341    4.0341    
336.2000    0.0000    -4.0325    4.0325    
336.4000    0.0000    -4.0298    4.0298    
336.6000    0.0000    -4.0260    4.0260    
336.8000    0.0000    -4.0213    4.0213    
337.0000    0.0000    -4.0158    4.0158    
337.2000    0.0000    -4.0097    4.0097    
337.4000    0.0000    -4.0029    4.0029    
337.6000    0.0000    -3.9955    3.9955    
337.8000    0.0000    -3.9877    3.9877    
338.0000    0.0000    -3.9795    3.9795    
338.2000    0.0000    -3.9709    3.9709    
338.4000    0.0000    -3.9621    3.9621    
338.6000    0.0000    -3.9529    3.9529    
338.8000    0.0000    -3.9435    3.9435    
339.0000    0.0000    -3.9340    3.9340    
339.2000    0.0000    -3.9243    3.9243    
339.4000    0.0000    -3.9145    3.9145    
339.6000    0.0000    -3.9045    3.9045    
339.8000    0.0000    -3.8945    3.8945    
340.0000    0.0000    -3.8844    3.8844    
340.2000    0.0000    -3.8743    3.8743    
340.4000    0.0000    -3.8641    3.8641    
340.6000    0.0000    -3.8540    3.8540    
340.8000    0.0000    -3.8438    3.8438    
341.0000    0.0000    -3.8336    3.8336    
341.2000    0.0000    -3.8235    3.8235    
341.4000    0.0000    -3.8134    3.8134    
341.6000    0.0000    -3.8033    3.8033    
341.8000    0.0000    -3.7932    3.7932    
342.0000    0.0000    -3.7832    3.7832    
342.2000    0.0000    -3.7733    3.7733    
342.4000    0.0000    -3.7634    3.7634    
342.6000    0.0000    -3.7536    3.7536    
342.8000    0.0000    -3.7439    3.7439    
343.0000    0.0000    -3.7342    3.7342    
343.2000    0.0000    -3.7246    3.7246    
343.4000    0.0000    -3.7151    3.7151    
343.6000    0.0000    -3.7057    3.7057    
343.8000    0.0000    -3.6963    3.6963    
344.0000    0.0000    -3.6871    3.6871    
344.2000    0.0000    -3.6779    3.6779    
344.4000    0.0000    -3.6688    3.6688    
344.6000    0.0000    -3.6598    3.6598    
344.8000    0.0000    -3.6509    3.6509    
345.0000    0.0000    -3.6421    3.6421    
345.2000    0.0000    -3.6334    3.6334    
345.4000    0.0000    -3.6248    3.6248    
345.6000    0.0000    -3.6163    3.6163    
345.8000    0.0000    -3.6078    3.6078    
346.0000    0.0000    -3.5995    3.5995    
346.2000    0.0000    -3.5913    3.5913    
346.4000    0.0000    -3.5832    3.5832    
346.6000    0.0000    -3.5751    3.5751    
346.8000    0.0000    -3.5672    3.5672    
347.0000    0.0000    -3.5594    3.5594    
347.2000    0.0000    -3.5517    3.5517    
347.4000    0.0000    -3.5440    3.5440    
347.6000    0.0000    -3.5365    3.5365    
347.8000    0.0000    -3.5291    3.5291    
348.0000    0.0000    -3.5218    3.5218    
348.2000    0.0000    -3.5146    3.5146    
348.4000    0.0000    -3.5075    3.5075    
348.6000    0.0000    -3.5005    3.5005    
348.8000    0.0000    -3.4936    3.4936    
349.0000    0.0000    -3.4868    3.4868    
349.2000    0.0000    -3.4801    3.4801    
349.4000    0.0000    -3.4735    3.4735    
349.6000    0.0000    -3.4670    3.4670    
349.8000    0.0000    -3.4606    3.4606    
350.0000    0.0000    -3.4544    3.4544    
350.2000    0.0000    -3.4482    3.4482    
350.4000    0.0000    -3.4421    3.4421    
350.6000    0.0000    -3.4362    3.4362    
350.8000    0.0000    -3.4303    3.4303    
351.0000    0.0000    -3.4246    3.4246    
351.2000    0.0000    -3.4189    3.4189    
351.4000    0.0000    -3.4134    3.4134    
351.6000    0.0000    -3.4080    3.4080    
351.8000    0.0000    -3.4026    3.4026    
352.0000    0.0000    -3.3974    3.3974    
352.2000    0.0000    -3.3923    3.3923    
352.4000    0.0000    -3.3873    3.3873    
352.6000    0.0000    -3.3824    3.3824    
352.8000    0.0000    -3.3776    3.3776    
353.0000    0.0000    -3.3729    3.3729    
353.2000    0.0000    -3.3683    3.3683    
353.4000    0.0000    -3.3638    3.3638    
353.6000    0.0000    -3.3595    3.3595    
353.8000    0.0000    -3.3552    3.3552    
354.0000    0.0000    -3.3511    3.3511    
354.2000    0.0000    -3.3470    3.3470    
354.4000    0.0000    -3.3431    3.3431    
354.6000    0.0000    -3.3392    3.3392    
354.8000    0.0000    -3.3355    3.3355    
355.0000    0.0000    -3.3319    3.3319    
355.2000    0.0000    -3.3284    3.3284    
355.4000    0.0000    -3.3249    3.3249    
355.6000    0.0000    -3.3216    3.3216    
355.8000    0.0000    -3.3184    3.3184    
356.0000    0.0000    -3.3154    3.3154    
356.2000    0.0000    -3.3124    3.3124    
356.4000    0.0000    -3.3095    3.3095    
356.6000    0.0000    -3.3067    3.3067    
356.8000    0.0000    -3.3041    3.3041    
357.0000    0.0000    -3.3015    3.3015    
357.2000    0.0000    -3.2991    3.2991    
357.4000    0.0000    -3.2967    3.2967    
357.6000    0.0000    -3.2945    3.2945    
357.8000    0.0000    -3.2924    3.2924    
358.0000    0.0000    -3.2904    3.2904    
358.2000    0.0000    -3.2884    3.2884    
358.4000    0.0000    -3.2866    3.2866    
358.6000    0.0000    -3.2849    3.2849    
358.8000    0.0000    -3.2834    3.2834    
359.0000    0.0000    -3.2819    3.2819    
359.2000    0.0000    -3.2805    3.2805    
359.4000    0.0000    -3.2792    3.2792    
359.6000    0.0000    -3.2781    3.2781    
359.8000    0.0000    -3.2770    3.2770    
